32 12 16 0.2 2000
32 8 4 0.5 8000
64 10 16 0.2 2000
256 10 4 0.5 1000
256 10 4 0.2 1000
512 8 4 0.2 4000
64 12 4 0.33 2000
256 14 16 0.5 4000
256 12 16 0.5 1000
512 12 16 0.33 8000
64 8 4 0.33 4000
256 12 16 0.2 4000
32 14 8 0.5 2000
256 8 4 0.5 4000
32 8 8 0.2 4000
128 10 16 0.5 4000
32 10 8 0.5 1000
128 12 16 0.33 2000
256 14 4 0.33 1000
256 12 8 0.2 2000
128 12 4 0.2 8000
256 8 4 0.33 4000
512 12 8 0.2 4000
256 14 8 0.5 2000
512 10 8 0.33 8000
512 14 8 0.33 2000
512 14 4 0.33 2000
512 8 16 0.2 1000
64 12 8 0.5 4000
256 10 16 0.33 4000
256 8 4 0.5 1000
512 12 4 0.5 2000
64 14 8 0.2 8000
128 8 4 0.33 4000
128 14 8 0.33 8000
512 14 8 0.2 2000
256 8 16 0.2 2000
64 12 8 0.33 8000
