512 12 8 0.1 12000 3e-08
512 12 8 0.2 12000 3e-07
256 12 8 0.1 12000 3e-09
128 12 8 0.1 14000 3e-08
256 12 8 0.1 14000 3e-09
128 12 8 0.2 14000 3e-07
256 12 8 0.2 10000 3e-08
512 12 8 0.1 10000 3e-08
512 12 8 0.2 10000 3e-07
512 12 8 0.1 12000 3e-09
512 12 8 0.1 14000 3e-07
512 12 8 0.1 12000 3e-07
512 12 8 0.2 14000 3e-08
256 12 8 0.1 10000 3e-08
128 12 8 0.1 12000 3e-08
128 12 8 0.1 14000 3e-07
128 12 8 0.1 10000 3e-08
128 12 8 0.2 14000 3e-09
128 12 8 0.2 12000 3e-07
256 12 8 0.2 12000 3e-07
256 12 8 0.1 14000 3e-07
256 12 8 0.2 12000 3e-08
128 12 8 0.2 10000 3e-09
512 12 8 0.1 10000 3e-09
512 12 8 0.2 14000 3e-09
256 12 8 0.1 10000 3e-07
128 12 8 0.2 14000 3e-08
256 12 8 0.2 10000 3e-07
512 12 8 0.2 10000 3e-09
256 12 8 0.2 14000 3e-07
512 12 8 0.1 10000 3e-07
256 12 8 0.1 12000 3e-07
256 12 8 0.2 12000 3e-09
256 12 8 0.2 14000 3e-09
512 12 8 0.1 14000 3e-09
256 12 8 0.1 10000 3e-09
512 12 8 0.1 14000 3e-08
512 12 8 0.2 10000 3e-08
