256 6 8 0.33 6000 0.0
768 6 8 0.2 10000 0.0
256 6 6 0.2 6000 0.0
128 6 8 0.2 4000 0.0
256 6 8 0.33 4000 0.0
128 6 6 0.33 10000 0.0
512 6 8 0.33 4000 0.0
512 6 8 0.33 8000 0.0
256 6 6 0.33 10000 0.0
768 6 8 0.2 6000 0.0
256 6 8 0.2 4000 0.0
256 6 6 0.33 6000 0.0
768 6 6 0.2 10000 0.0
512 6 8 0.2 10000 0.0
512 6 8 0.33 10000 0.0
256 6 6 0.2 10000 0.0
256 6 8 0.33 10000 0.0
768 6 6 0.33 10000 0.0
128 6 6 0.33 4000 0.0
128 6 6 0.2 6000 0.0
128 6 8 0.33 10000 0.0
128 6 8 0.33 8000 0.0
512 6 8 0.33 6000 0.0
512 6 6 0.33 6000 0.0
256 6 8 0.2 8000 0.0
128 6 8 0.2 6000 0.0
512 6 8 0.2 8000 0.0
768 6 8 0.33 8000 0.0
768 6 8 0.33 6000 0.0
256 6 6 0.33 4000 0.0
256 6 6 0.2 4000 0.0
512 6 6 0.33 8000 0.0
