768 6 4 0.2 1024 8000 0.0
512 6 8 0.33 2048 8000 0.0
512 6 8 0.33 1024 10000 0.0
1024 6 16 0.2 1024 12000 0.0
768 6 4 0.2 2048 8000 0.0
512 6 8 0.2 1024 12000 0.0
1024 6 16 0.33 1024 8000 0.0
768 6 16 0.2 1024 8000 0.0
512 6 16 0.2 1024 12000 0.0
1024 6 4 0.33 2048 8000 0.0
512 6 4 0.33 1024 10000 0.0
768 6 4 0.2 2048 10000 0.0
512 6 16 0.33 1024 10000 0.0
512 6 8 0.2 2048 12000 0.0
1024 6 16 0.2 1024 10000 0.0
512 6 4 0.33 1024 12000 0.0
768 6 4 0.33 2048 10000 0.0
1024 6 8 0.33 1024 12000 0.0
1024 6 8 0.2 1024 10000 0.0
512 6 4 0.33 2048 8000 0.0
768 6 8 0.2 2048 8000 0.0
768 6 8 0.33 2048 10000 0.0
512 6 8 0.2 1024 8000 0.0
768 6 16 0.33 1024 12000 0.0
512 6 4 0.2 1024 10000 0.0
512 6 8 0.2 2048 8000 0.0
768 6 4 0.2 1024 12000 0.0
512 6 16 0.2 1024 8000 0.0
1024 6 16 0.2 2048 8000 0.0
768 6 16 0.33 2048 10000 0.0
512 6 8 0.33 2048 12000 0.0
1024 6 8 0.2 2048 10000 0.0
768 6 8 0.33 1024 8000 0.0
512 6 8 0.2 2048 10000 0.0
768 6 16 0.33 1024 8000 0.0
1024 6 8 0.33 1024 8000 0.0
1024 6 8 0.33 2048 8000 0.0
1024 6 4 0.2 2048 12000 0.0
768 6 16 0.33 2048 8000 0.0
1024 6 4 0.33 1024 12000 0.0
