32 12 4 0.33 4000 0.0
32 6 4 0.33 1000 0.0
128 8 8 0.2 4000 0.0
4 8 8 0.33 1000 0.0
512 12 4 0.33 8000 0.0
4 12 8 0.2 4000 0.0
128 12 8 0.33 1000 0.0
32 12 4 0.2 4000 0.0
32 6 8 0.33 4000 0.0
128 6 4 0.33 8000 0.0
128 8 8 0.33 8000 0.0
512 6 4 0.33 8000 0.0
512 8 8 0.33 1000 0.0
512 6 4 0.33 1000 0.0
512 8 4 0.2 1000 0.0
512 12 8 0.33 1000 0.0
32 12 8 0.2 1000 0.0
32 8 4 0.33 4000 0.0
128 12 4 0.33 1000 0.0
4 6 8 0.33 8000 0.0
4 8 4 0.33 8000 0.0
512 12 4 0.2 1000 0.0
4 6 4 0.2 4000 0.0
512 6 8 0.2 8000 0.0
4 8 4 0.33 1000 0.0
32 6 4 0.33 4000 0.0
4 8 4 0.2 8000 0.0
4 12 4 0.2 1000 0.0
32 8 8 0.33 1000 0.0
512 8 8 0.2 1000 0.0
128 6 4 0.2 1000 0.0
4 12 4 0.2 8000 0.0
4 6 8 0.2 8000 0.0
4 8 8 0.2 4000 0.0
4 8 4 0.2 1000 0.0
4 6 8 0.33 4000 0.0
32 6 4 0.2 1000 0.0
512 6 4 0.33 4000 0.0
4 6 8 0.2 4000 0.0
512 8 4 0.33 4000 0.0
32 6 4 0.33 8000 0.0
32 12 8 0.33 8000 0.0
128 6 8 0.33 1000 0.0
512 6 8 0.2 4000 0.0
128 12 8 0.33 8000 0.0
4 6 8 0.33 1000 0.0
128 8 4 0.2 4000 0.0
4 6 4 0.33 8000 0.0
512 12 8 0.2 1000 0.0
128 8 8 0.33 4000 0.0
128 12 4 0.33 8000 0.0
128 12 4 0.2 8000 0.0
512 8 4 0.33 1000 0.0
128 8 4 0.33 1000 0.0
32 6 4 0.2 8000 0.0
512 12 8 0.2 4000 0.0
4 8 8 0.33 8000 0.0
512 6 4 0.2 8000 0.0
512 12 8 0.2 8000 0.0
4 8 4 0.33 4000 0.0
128 12 8 0.2 1000 0.0
128 8 8 0.33 1000 0.0
32 8 4 0.2 1000 0.0
4 6 4 0.2 1000 0.0
128 6 8 0.2 1000 0.0
128 12 8 0.2 4000 0.0
4 12 8 0.33 4000 0.0
512 12 4 0.33 1000 0.0
128 6 8 0.33 8000 0.0
512 6 4 0.2 1000 0.0
32 6 8 0.2 4000 0.0
32 8 4 0.33 1000 0.0
32 12 8 0.33 1000 0.0
4 12 4 0.33 8000 0.0
4 8 8 0.2 8000 0.0
32 8 8 0.2 4000 0.0
32 8 8 0.2 1000 0.0
512 8 8 0.33 8000 0.0
32 8 8 0.33 4000 0.0
512 12 8 0.33 4000 0.0
