64 12 4 0.33 8000 0.0001
256 6 4 0.2 8000 0.005
64 8 4 0.2 16000 0.0075
256 6 8 0.33 8000 0.0001
64 6 8 0.33 16000 1e-05
512 6 4 0.2 8000 0.005
256 6 4 0.2 16000 0.005
256 12 8 0.33 16000 0.0001
256 12 8 0.33 8000 0.005
32 8 4 0.33 8000 1e-05
256 6 4 0.2 16000 1e-05
32 6 4 0.33 16000 0.005
32 8 4 0.2 8000 0.0075
128 12 8 0.33 16000 0.0001
256 8 4 0.33 8000 0.005
128 12 4 0.33 8000 0.005
512 12 8 0.2 8000 0.005
512 8 8 0.2 16000 0.0001
256 6 8 0.2 8000 0.0001
128 8 4 0.2 16000 1e-05
64 8 8 0.2 16000 0.0001
64 12 8 0.33 16000 1e-05
32 6 4 0.2 8000 0.0001
128 8 4 0.33 8000 0.005
256 12 4 0.33 16000 0.005
512 6 8 0.2 16000 0.0075
64 8 8 0.33 8000 1e-05
128 8 8 0.33 16000 0.0075
32 6 4 0.2 16000 0.005
512 6 4 0.2 16000 1e-05
32 12 8 0.2 8000 0.0001
64 12 4 0.2 16000 0.005
256 12 8 0.2 8000 1e-05
512 8 8 0.2 8000 0.0001
64 8 8 0.33 16000 0.0075
64 8 4 0.33 16000 1e-05
128 8 8 0.2 16000 1e-05
256 6 4 0.33 8000 0.0001
512 6 8 0.33 16000 1e-05
32 6 8 0.2 16000 0.0001
