64 11 2 0.0 1500 0.0001
4 2 4 0.0 2500 0.001
128 9 16 0.0 2500 0.005
16 5 4 0.0 4000 0.0075
4 5 2 0.0 250 0.001
32 11 2 0.0 1500 0.0001
256 7 2 0.0 1500 0.01
4 9 16 0.0 500 0.005
16 10 4 0.0 1500 0.0001
64 6 8 0.0 2000 0.0075
2 3 4 0.0 10 0.0075
512 6 4 0.0 2000 0.005
8 9 4 0.0 2000 0.0075
2 9 8 0.0 10 0.01
256 10 2 0.0 100 0.0001
256 9 8 0.0 5 0.01
32 5 4 0.0 1000 0.0001
512 7 2 0.0 2000 0.001
16 2 16 0.0 2000 0.005
2 11 4 0.0 250 0.0001
512 6 2 0.0 750 0.0075
16 4 16 0.0 1000 0.005
4 7 2 0.0 4000 0.0075
32 7 8 0.0 1000 0.0075
128 7 16 0.0 250 1e-05
2 11 4 0.0 1500 1e-05
32 3 8 0.0 100 0.0075
128 3 8 0.0 1 0.0075
64 11 16 0.0 500 0.001
2 10 4 0.0 500 0.005
128 3 16 0.0 4000 0.0075
8 6 8 0.0 5 0.0075
512 8 8 0.0 8000 0.0001
32 8 4 0.0 2000 1e-05
4 9 2 0.0 2000 1e-05
32 8 8 0.0 100 0.01
256 11 8 0.0 10 0.005
8 3 8 0.0 1 0.0075
2 6 8 0.0 10 1e-05
8 10 8 0.0 2000 1e-05
32 7 16 0.0 8000 0.0001
8 11 8 0.0 1000 0.005
512 3 4 0.0 5 0.005
256 9 4 0.0 10 0.0075
128 11 2 0.0 5 0.0075
64 2 2 0.0 100 0.0001
128 7 16 0.0 500 1e-05
2 2 2 0.0 2000 0.005
4 6 2 0.0 16000 0.0001
128 11 16 0.0 5 0.005
4 5 8 0.0 100 0.01
128 11 16 0.0 1500 0.0075
16 4 4 0.0 500 0.0001
512 10 8 0.0 750 0.001
256 11 8 0.0 2000 0.01
4 9 2 0.0 2500 1e-05
32 11 4 0.0 100 1e-05
2 11 8 0.0 2000 0.005
512 8 4 0.0 1000 0.001
512 11 2 0.0 2000 0.005
16 11 4 0.0 750 0.005
4 5 16 0.0 500 0.0001
512 5 4 0.0 1000 0.0001
512 7 2 0.0 4000 1e-05
512 5 4 0.0 5 0.001
256 11 8 0.0 4000 0.0075
512 11 8 0.0 16000 0.0075
512 3 2 0.0 500 0.001
64 3 8 0.0 4000 0.0001
32 2 8 0.0 500 0.001
256 10 16 0.0 8000 0.005
8 4 16 0.0 500 0.0001
2 4 8 0.0 10 1e-05
16 2 2 0.0 1 0.001
2 5 4 0.0 100 0.0075
256 3 8 0.0 1000 0.01
256 3 4 0.0 8000 1e-05
16 10 8 0.0 1000 0.0075
256 7 4 0.0 2000 0.005
128 7 16 0.0 2500 0.0075
512 11 4 0.0 100 0.005
2 11 16 0.0 1000 0.01
32 8 2 0.0 2000 0.01
8 6 8 0.0 1000 0.01
256 9 16 0.0 2500 0.0075
8 3 2 0.0 8000 0.0075
2 5 4 0.0 5 0.005
8 11 2 0.0 16000 0.0075
64 10 8 0.0 250 0.005
2 6 16 0.0 100 0.0075
32 2 16 0.0 1000 0.001
32 6 8 0.0 250 0.001
512 8 8 0.0 750 0.0075
64 5 16 0.0 1000 0.001
16 10 16 0.0 750 0.0075
32 3 2 0.0 500 0.0075
16 2 4 0.0 100 0.0075
256 4 2 0.0 16000 0.0001
512 3 8 0.0 8000 1e-05
512 8 4 0.0 10 0.0075
128 9 8 0.0 1000 0.0001
16 7 2 0.0 1000 0.0001
2 4 4 0.0 5 0.001
128 7 16 0.0 1000 1e-05
512 11 2 0.0 8000 0.001
64 3 16 0.0 1 0.001
8 8 16 0.0 2500 0.0075
64 7 8 0.0 10 0.001
64 9 8 0.0 500 0.01
8 9 16 0.0 1500 1e-05
128 7 8 0.0 10 0.01
128 11 8 0.0 2000 0.005
32 11 16 0.0 8000 0.0075
256 5 8 0.0 100 1e-05
4 4 4 0.0 1500 1e-05
16 5 2 0.0 8000 0.01
32 9 2 0.0 1500 0.0075
128 5 16 0.0 250 1e-05
256 6 2 0.0 2500 1e-05
16 6 2 0.0 500 0.0001
512 8 4 0.0 10 0.001
128 3 8 0.0 8000 0.001
256 9 2 0.0 500 0.01
2 7 16 0.0 500 0.005
64 8 16 0.0 1500 0.001
8 10 4 0.0 16000 0.001
8 7 8 0.0 1500 0.0001
2 4 8 0.0 2000 0.001
2 9 8 0.0 8000 1e-05
2 10 8 0.0 2500 0.0075
512 2 2 0.0 10 0.0001
512 10 4 0.0 2000 0.0001
128 7 8 0.0 5 0.001
2 5 16 0.0 750 0.001
64 11 16 0.0 16000 0.01
2 6 8 0.0 1 0.001
32 5 4 0.0 500 0.0075
32 5 8 0.0 100 0.005
64 7 16 0.0 1000 0.0001
8 10 2 0.0 1500 0.005
2 9 16 0.0 500 0.0001
128 2 4 0.0 8000 0.01
8 4 4 0.0 2000 0.005
64 6 4 0.0 750 1e-05
256 9 4 0.0 1 0.01
512 9 2 0.0 4000 0.0075
512 11 8 0.0 250 0.001
256 10 8 0.0 8000 0.001
4 10 8 0.0 1500 0.01
8 10 4 0.0 5 0.01
32 6 2 0.0 8000 0.0075
32 7 2 0.0 1000 0.0001
4 9 4 0.0 1 0.01
256 8 4 0.0 4000 0.0075
2 10 2 0.0 5 0.005
256 3 16 0.0 2000 0.0001
32 7 4 0.0 250 1e-05
512 7 2 0.0 100 0.0001
128 2 8 0.0 100 1e-05
16 9 2 0.0 1 0.001
512 8 2 0.0 2500 0.01
4 11 8 0.0 4000 0.0001
2 11 2 0.0 250 0.01
32 8 16 0.0 4000 0.0075
128 4 4 0.0 8000 0.0075
4 10 8 0.0 5 1e-05
128 7 4 0.0 1500 0.0075
4 10 8 0.0 500 1e-05
512 6 4 0.0 500 0.0001
128 9 8 0.0 500 0.001
256 9 2 0.0 8000 0.005
2 9 16 0.0 5 0.01
16 2 2 0.0 500 0.01
32 5 4 0.0 4000 1e-05
32 8 2 0.0 2000 0.0001
32 4 4 0.0 250 0.0001
256 2 4 0.0 1 0.0001
128 11 2 0.0 250 0.001
512 3 8 0.0 750 0.005
2 7 8 0.0 1000 0.005
128 11 4 0.0 1000 0.001
4 9 8 0.0 16000 0.005
256 6 16 0.0 5 1e-05
128 8 2 0.0 8000 0.0075
8 2 4 0.0 1 1e-05
8 10 16 0.0 1500 0.005
16 4 8 0.0 4000 0.001
128 8 2 0.0 1000 0.0075
128 2 8 0.0 2500 0.0075
4 2 2 0.0 5 0.0001
32 10 8 0.0 500 0.001
4 9 2 0.0 2500 0.0075
2 7 8 0.0 1 1e-05
8 7 4 0.0 750 0.0075
128 3 8 0.0 1 0.01
64 7 8 0.0 500 0.005
2 2 16 0.0 1 0.01
256 4 4 0.0 2000 0.01
16 10 16 0.0 1500 0.01
8 3 16 0.0 1500 0.01
8 8 4 0.0 4000 0.001
512 9 4 0.0 500 1e-05
512 2 8 0.0 1500 0.001
16 3 8 0.0 250 0.01
4 6 16 0.0 1000 0.001
32 2 16 0.0 8000 0.01
128 7 8 0.0 250 0.0001
64 4 16 0.0 5 0.001
16 8 16 0.0 1000 0.0075
16 9 2 0.0 1 0.01
4 7 8 0.0 1500 0.005
4 9 16 0.0 1500 0.0075
16 9 8 0.0 16000 0.0001
8 3 16 0.0 2000 1e-05
2 11 8 0.0 4000 0.005
2 4 2 0.0 8000 0.001
2 6 4 0.0 500 1e-05
4 10 4 0.0 2000 0.001
64 8 2 0.0 10 1e-05
256 5 16 0.0 1000 0.005
8 11 16 0.0 16000 0.0001
4 3 4 0.0 2500 0.0001
128 3 16 0.0 500 0.0001
8 11 2 0.0 1000 0.0001
128 11 4 0.0 5 0.005
32 4 4 0.0 750 0.001
64 6 16 0.0 2000 0.0001
64 3 8 0.0 100 0.005
32 4 8 0.0 500 1e-05
32 9 2 0.0 10 0.01
8 4 4 0.0 4000 0.01
256 3 2 0.0 5 1e-05
16 4 2 0.0 250 0.01
128 4 4 0.0 500 1e-05
4 9 4 0.0 10 1e-05
512 4 8 0.0 8000 0.0075
2 2 4 0.0 10 0.0001
4 11 16 0.0 500 0.001
32 6 16 0.0 500 1e-05
256 8 2 0.0 2000 1e-05
128 2 4 0.0 750 1e-05
128 6 2 0.0 500 1e-05
512 7 8 0.0 1500 0.0001
32 4 8 0.0 1500 1e-05
4 9 4 0.0 500 1e-05
128 4 16 0.0 5 0.0075
128 7 8 0.0 2000 1e-05
2 9 2 0.0 16000 0.001
128 5 2 0.0 500 1e-05
2 5 8 0.0 500 1e-05
16 8 4 0.0 2500 1e-05
16 10 16 0.0 2000 1e-05
16 7 4 0.0 500 0.01
256 7 8 0.0 10 0.0001
16 2 2 0.0 8000 1e-05
16 4 4 0.0 8000 0.0001
256 2 4 0.0 500 0.001
16 5 4 0.0 2500 0.005
4 3 4 0.0 16000 0.0001
64 6 8 0.0 4000 0.001
256 7 8 0.0 250 0.0001
256 7 16 0.0 500 0.001
4 7 8 0.0 16000 0.01
8 10 8 0.0 8000 0.01
512 2 4 0.0 1 1e-05
512 5 8 0.0 750 0.001
256 4 16 0.0 500 0.005
256 2 8 0.0 500 0.01
32 11 4 0.0 1 0.001
16 4 16 0.0 250 0.01
256 10 16 0.0 500 0.001
256 4 16 0.0 1000 0.0075
32 2 8 0.0 1 1e-05
256 9 16 0.0 1500 0.0075
256 5 16 0.0 1 0.005
8 8 16 0.0 1000 0.005
128 10 16 0.0 5 0.005
256 2 4 0.0 1000 0.005
128 9 4 0.0 1 0.01
16 5 16 0.0 1000 0.0075
2 5 2 0.0 1500 1e-05
2 8 8 0.0 5 0.005
256 6 16 0.0 8000 0.0075
64 3 8 0.0 1500 0.005
128 3 16 0.0 100 0.01
64 10 4 0.0 5 0.0075
128 11 8 0.0 250 0.0075
512 8 16 0.0 2000 1e-05
2 9 16 0.0 16000 0.005
16 10 2 0.0 250 0.0001
32 11 4 0.0 4000 0.0075
128 5 2 0.0 500 0.001
16 9 4 0.0 4000 1e-05
8 2 2 0.0 750 0.001
128 5 8 0.0 5 0.01
128 4 2 0.0 100 0.001
512 8 8 0.0 100 0.01
32 3 16 0.0 16000 1e-05
16 8 16 0.0 750 0.005
2 5 8 0.0 1500 0.0075
8 9 8 0.0 1500 1e-05
256 9 8 0.0 1500 0.001
512 8 8 0.0 1 0.005
512 2 4 0.0 5 0.005
2 6 16 0.0 2000 0.005
64 6 2 0.0 4000 0.01
4 7 2 0.0 1000 0.0001
512 9 16 0.0 1500 0.005
128 10 8 0.0 100 0.001
64 2 2 0.0 2500 0.0075
256 3 4 0.0 1500 0.0001
2 3 4 0.0 100 0.01
2 7 4 0.0 10 1e-05
4 8 4 0.0 2500 0.01
2 10 2 0.0 1000 0.0001
4 6 16 0.0 2500 1e-05
4 11 2 0.0 1500 0.0001
32 6 8 0.0 2500 0.001
512 4 16 0.0 100 0.005
64 3 4 0.0 1500 0.0075
8 11 16 0.0 1 0.001
2 6 16 0.0 5 0.0075
256 7 2 0.0 5 0.0001
32 7 16 0.0 100 0.005
512 2 16 0.0 8000 1e-05
128 4 4 0.0 1000 0.005
64 6 16 0.0 10 0.01
512 10 2 0.0 4000 0.001
32 5 16 0.0 500 0.005
128 3 4 0.0 10 0.01
4 2 16 0.0 16000 0.0075
2 10 4 0.0 1000 0.01
8 10 2 0.0 500 0.005
2 8 16 0.0 250 0.0075
32 8 4 0.0 250 0.0075
32 3 16 0.0 2500 0.0001
512 6 2 0.0 5 0.0075
2 4 16 0.0 250 0.001
16 10 2 0.0 750 0.005
16 9 16 0.0 1500 0.001
64 6 4 0.0 1000 1e-05
2 8 16 0.0 500 0.0001
256 2 8 0.0 16000 1e-05
16 10 2 0.0 1 0.0001
256 6 16 0.0 5 0.0075
512 5 8 0.0 4000 0.005
32 10 8 0.0 500 0.01
512 6 2 0.0 500 0.0075
128 10 4 0.0 500 0.0001
128 10 2 0.0 500 0.01
128 4 2 0.0 1000 0.005
32 6 4 0.0 500 0.005
32 10 2 0.0 2500 0.01
2 2 4 0.0 100 1e-05
64 5 2 0.0 10 0.0001
128 10 2 0.0 16000 0.001
512 3 16 0.0 500 0.001
2 7 16 0.0 1000 0.001
4 7 16 0.0 5 0.0075
256 3 16 0.0 10 0.005
16 10 8 0.0 2500 1e-05
8 4 2 0.0 100 0.01
16 2 8 0.0 500 0.001
64 8 8 0.0 8000 0.001
8 11 4 0.0 10 0.005
8 3 4 0.0 1 0.005
512 8 4 0.0 1500 0.001
8 8 8 0.0 10 0.0001
4 4 4 0.0 4000 0.0075
512 11 8 0.0 1000 0.001
128 7 8 0.0 1500 0.005
2 5 2 0.0 5 0.01
512 10 16 0.0 4000 0.01
8 7 2 0.0 100 0.001
4 5 2 0.0 500 0.0075
512 8 8 0.0 16000 0.001
512 11 2 0.0 16000 0.0001
32 3 8 0.0 1 0.005
64 4 16 0.0 500 0.0001
512 4 16 0.0 500 0.005
256 7 4 0.0 16000 0.0001
512 7 16 0.0 1000 0.001
32 7 2 0.0 10 0.0075
512 10 8 0.0 1000 0.0001
512 3 2 0.0 500 0.01
32 6 16 0.0 16000 0.0001
32 7 16 0.0 1 0.01
256 2 8 0.0 1 0.01
16 11 16 0.0 8000 0.01
64 5 4 0.0 1000 0.001
2 7 4 0.0 16000 1e-05
8 4 8 0.0 500 0.0075
8 5 2 0.0 500 1e-05
16 9 2 0.0 10 0.0001
32 9 8 0.0 10 0.01
512 11 8 0.0 1500 0.01
32 4 8 0.0 500 0.001
16 3 2 0.0 10 0.0001
512 10 16 0.0 16000 1e-05
32 10 4 0.0 2500 0.01
256 9 2 0.0 2000 0.005
32 5 8 0.0 500 1e-05
256 9 8 0.0 750 0.005
64 8 2 0.0 8000 0.005
32 4 4 0.0 5 0.01
2 11 2 0.0 10 0.01
16 4 2 0.0 250 1e-05
64 6 4 0.0 750 0.0075
8 8 4 0.0 5 0.01
2 11 8 0.0 8000 0.0075
512 8 16 0.0 16000 1e-05
32 2 4 0.0 10 0.001
8 7 8 0.0 750 1e-05
256 8 8 0.0 2500 0.005
256 2 4 0.0 1500 0.0001
512 6 4 0.0 16000 0.01
64 2 4 0.0 250 0.01
16 10 8 0.0 8000 0.001
64 11 16 0.0 100 0.01
128 4 4 0.0 500 0.0075
2 10 16 0.0 1000 0.0001
8 11 2 0.0 2500 0.0075
128 4 8 0.0 16000 0.001
8 8 8 0.0 500 0.01
256 4 4 0.0 1500 0.01
8 6 8 0.0 1500 0.001
256 7 8 0.0 1 1e-05
256 3 8 0.0 100 0.0075
4 2 4 0.0 250 0.01
128 10 8 0.0 500 0.001
2 2 16 0.0 8000 0.0001
16 3 8 0.0 8000 1e-05
256 10 4 0.0 1 0.01
512 9 4 0.0 750 0.001
32 4 16 0.0 250 0.0075
2 5 4 0.0 1500 1e-05
128 7 8 0.0 2000 0.001
8 10 2 0.0 8000 0.01
32 10 8 0.0 250 0.001
32 9 8 0.0 4000 0.0075
128 6 4 0.0 1000 0.005
32 2 8 0.0 1000 0.0075
512 5 4 0.0 10 0.0075
64 4 4 0.0 250 0.001
512 6 16 0.0 4000 0.01
128 2 8 0.0 250 0.001
256 5 16 0.0 2000 0.0075
32 11 8 0.0 1500 0.01
64 6 8 0.0 1000 1e-05
4 4 2 0.0 250 0.001
16 8 16 0.0 500 1e-05
8 7 16 0.0 1 0.001
256 2 16 0.0 100 0.0075
64 5 8 0.0 4000 0.01
128 2 8 0.0 16000 0.01
32 9 4 0.0 1 0.0075
16 5 16 0.0 16000 0.001
64 9 8 0.0 5 0.005
16 11 16 0.0 2500 1e-05
128 2 16 0.0 500 1e-05
8 9 8 0.0 8000 1e-05
4 6 16 0.0 1000 0.0075
4 4 2 0.0 2000 0.001
16 11 4 0.0 1500 0.01
128 10 16 0.0 1000 0.01
2 6 16 0.0 10 0.01
4 4 8 0.0 4000 0.005
16 9 16 0.0 1500 0.0001
32 2 2 0.0 4000 0.001
128 7 8 0.0 500 0.01
256 8 16 0.0 100 0.0075
256 7 8 0.0 1 0.0075
512 3 16 0.0 250 0.0001
4 5 4 0.0 2000 0.0075
32 7 16 0.0 250 0.001
256 4 4 0.0 2000 0.005
16 10 2 0.0 1500 0.0075
2 5 16 0.0 16000 0.001
512 5 2 0.0 500 0.005
2 8 16 0.0 1 0.001
64 7 16 0.0 5 0.01
8 8 8 0.0 250 1e-05
64 6 16 0.0 2000 1e-05
32 10 4 0.0 8000 0.0075
4 8 8 0.0 500 0.001
4 8 8 0.0 1000 0.005
2 8 8 0.0 2500 0.01
16 10 4 0.0 100 0.01
512 5 4 0.0 5 0.0001
2 5 2 0.0 500 0.01
128 7 8 0.0 10 0.001
32 2 16 0.0 500 0.001
128 2 2 0.0 100 0.005
32 7 4 0.0 750 1e-05
8 2 2 0.0 250 0.0001
8 7 2 0.0 500 0.0075
128 7 16 0.0 2500 1e-05
64 5 8 0.0 1500 0.0001
16 7 4 0.0 1000 0.0001
8 2 4 0.0 100 0.0001
256 7 2 0.0 500 0.0001
2 9 4 0.0 8000 1e-05
128 2 8 0.0 8000 0.0001
2 10 2 0.0 100 1e-05
512 2 2 0.0 2000 0.0075
128 4 2 0.0 16000 0.01
512 9 2 0.0 8000 0.01
16 8 16 0.0 2500 0.0001
4 10 4 0.0 100 0.0001
2 4 8 0.0 16000 0.0075
64 10 4 0.0 4000 0.001
256 11 2 0.0 500 0.0075
8 3 4 0.0 1 0.0075
4 8 8 0.0 250 0.01
16 3 16 0.0 1500 0.0075
32 7 2 0.0 4000 1e-05
4 6 2 0.0 2500 0.005
128 9 8 0.0 1500 0.005
2 9 4 0.0 500 0.0001
32 4 2 0.0 4000 0.005
4 7 2 0.0 750 0.005
128 6 4 0.0 10 1e-05
512 5 2 0.0 8000 0.005
16 2 4 0.0 2500 0.005
8 7 16 0.0 500 1e-05
512 9 8 0.0 1 0.001
2 10 8 0.0 5 0.0075
512 3 2 0.0 2500 0.001
16 5 8 0.0 500 1e-05
512 11 2 0.0 750 1e-05
8 8 8 0.0 750 0.005
8 4 4 0.0 2000 0.001
16 4 8 0.0 1000 0.001
64 5 8 0.0 1500 0.01
256 9 16 0.0 500 1e-05
128 2 16 0.0 500 0.0075
256 4 8 0.0 750 0.01
2 5 8 0.0 1500 0.005
256 11 2 0.0 1 0.01
4 7 16 0.0 10 0.005
8 4 8 0.0 2500 0.0001
8 10 16 0.0 250 1e-05
4 5 16 0.0 1500 0.0001
2 6 8 0.0 16000 0.001
512 4 16 0.0 2000 0.005
16 2 16 0.0 16000 0.005
512 11 4 0.0 1500 0.005
16 4 16 0.0 8000 0.005
256 5 2 0.0 8000 1e-05
2 5 2 0.0 2500 0.001
512 3 8 0.0 100 0.0075
8 10 2 0.0 1000 0.001
2 11 8 0.0 1 0.01
8 11 8 0.0 4000 1e-05
256 3 4 0.0 2000 0.001
16 8 8 0.0 10 0.005
4 7 8 0.0 16000 0.005
512 8 2 0.0 750 0.01
256 10 16 0.0 10 0.0075
128 11 2 0.0 2000 1e-05
256 2 8 0.0 4000 0.001
256 6 4 0.0 2500 0.0001
32 9 4 0.0 1000 1e-05
4 2 16 0.0 4000 0.01
2 5 2 0.0 4000 0.001
2 6 4 0.0 2500 0.0001
512 5 16 0.0 750 0.005
16 4 8 0.0 16000 0.0075
128 4 2 0.0 2000 0.0075
16 9 4 0.0 16000 0.005
4 10 4 0.0 500 1e-05
256 6 2 0.0 1000 0.01
16 9 4 0.0 1000 0.01
256 10 16 0.0 5 0.01
4 5 4 0.0 1000 0.005
64 4 16 0.0 16000 0.005
32 11 2 0.0 1 0.01
512 8 16 0.0 2500 0.01
16 6 2 0.0 10 0.0001
64 4 2 0.0 8000 1e-05
64 9 4 0.0 1500 0.0075
2 7 8 0.0 2000 0.0001
512 4 2 0.0 100 1e-05
16 5 8 0.0 1500 0.001
16 4 2 0.0 4000 1e-05
64 9 16 0.0 500 0.005
64 5 8 0.0 500 0.01
64 3 2 0.0 100 0.0001
64 11 16 0.0 1000 0.01
256 6 8 0.0 10 0.01
16 9 4 0.0 10 0.0001
16 4 8 0.0 250 0.0075
32 7 4 0.0 16000 0.01
256 8 16 0.0 2500 1e-05
64 11 2 0.0 10 0.005
64 7 4 0.0 500 0.0075
512 6 8 0.0 5 0.001
4 5 8 0.0 16000 0.01
256 8 16 0.0 500 0.01
32 11 8 0.0 500 0.0075
4 11 8 0.0 1 1e-05
16 7 8 0.0 750 0.0001
8 3 16 0.0 1 0.01
64 4 4 0.0 100 0.001
128 4 8 0.0 250 0.01
4 5 16 0.0 750 1e-05
16 7 4 0.0 500 0.0001
256 8 4 0.0 500 0.001
4 6 4 0.0 1 0.001
32 5 2 0.0 1 0.01
512 10 16 0.0 1500 0.01
8 10 16 0.0 750 0.01
512 11 8 0.0 2500 0.005
32 3 16 0.0 750 1e-05
64 6 16 0.0 100 1e-05
16 9 16 0.0 1 0.001
2 5 16 0.0 500 0.01
8 2 2 0.0 750 1e-05
4 4 4 0.0 1000 0.001
256 5 2 0.0 4000 0.005
128 4 8 0.0 250 0.0075
64 9 8 0.0 100 0.001
256 4 8 0.0 1 0.0075
128 2 16 0.0 4000 1e-05
2 11 2 0.0 750 0.005
32 7 4 0.0 2000 0.005
16 9 4 0.0 8000 0.005
2 8 8 0.0 1000 0.001
2 8 2 0.0 500 0.01
16 11 2 0.0 500 0.0001
128 7 16 0.0 1 0.005
64 8 4 0.0 4000 0.005
4 6 4 0.0 2000 1e-05
16 11 4 0.0 4000 1e-05
16 10 16 0.0 1000 0.01
512 3 2 0.0 2500 0.0001
16 10 8 0.0 1000 0.005
512 3 16 0.0 1 1e-05
512 5 4 0.0 2500 0.005
512 10 4 0.0 750 0.01
128 2 2 0.0 500 0.001
512 8 16 0.0 500 0.0001
256 4 8 0.0 100 0.01
512 6 16 0.0 500 0.0075
64 7 16 0.0 8000 1e-05
4 9 2 0.0 750 0.0001
8 3 4 0.0 2500 0.0075
8 2 4 0.0 2500 0.0075
4 9 8 0.0 4000 0.001
256 7 8 0.0 16000 0.01
512 2 8 0.0 2000 0.01
4 9 16 0.0 500 1e-05
16 4 8 0.0 250 1e-05
128 7 4 0.0 250 0.0075
512 2 16 0.0 1500 0.01
4 4 8 0.0 10 1e-05
4 10 2 0.0 100 0.005
16 10 4 0.0 10 0.001
512 9 8 0.0 5 0.001
128 7 2 0.0 16000 0.0001
512 5 4 0.0 2000 0.01
64 3 16 0.0 4000 0.01
64 3 4 0.0 8000 0.01
32 11 8 0.0 1 0.0075
512 2 8 0.0 500 0.0075
8 2 4 0.0 2500 0.001
512 2 4 0.0 500 0.0001
64 10 8 0.0 1 0.001
256 9 2 0.0 1500 0.0001
64 5 4 0.0 500 0.01
2 3 2 0.0 500 0.0001
2 11 16 0.0 1 0.001
256 9 2 0.0 5 0.0001
256 9 2 0.0 4000 0.0075
2 5 16 0.0 5 0.001
64 3 16 0.0 1 0.005
512 11 2 0.0 500 0.0001
2 2 4 0.0 2000 0.01
8 7 16 0.0 2000 1e-05
512 10 2 0.0 1000 0.0075
128 7 4 0.0 100 0.005
16 8 8 0.0 10 0.001
512 10 16 0.0 250 0.005
512 11 4 0.0 500 0.01
8 11 4 0.0 500 0.0001
4 6 4 0.0 1500 1e-05
8 11 8 0.0 750 0.0001
16 7 8 0.0 100 0.01
8 10 8 0.0 1 0.001
32 10 4 0.0 10 0.01
64 2 8 0.0 4000 0.0075
4 8 4 0.0 2000 0.0001
256 8 2 0.0 5 0.001
256 11 4 0.0 500 0.01
16 4 8 0.0 1 0.0075
64 9 16 0.0 2000 0.0075
64 6 2 0.0 2500 0.0075
8 3 2 0.0 10 0.0001
64 2 4 0.0 8000 0.0001
512 6 16 0.0 16000 0.001
8 3 16 0.0 1 0.005
16 4 8 0.0 500 0.01
128 4 16 0.0 4000 0.001
4 4 2 0.0 1 0.01
2 8 16 0.0 1000 0.001
8 4 16 0.0 750 0.0075
64 11 2 0.0 750 0.0075
128 10 2 0.0 500 1e-05
8 3 2 0.0 10 0.01
128 2 8 0.0 2500 1e-05
8 2 2 0.0 1 0.005
256 4 16 0.0 100 0.0075
512 5 2 0.0 2500 0.005
8 10 8 0.0 500 1e-05
2 11 2 0.0 2500 0.001
256 3 2 0.0 500 0.005
256 6 16 0.0 2000 0.001
128 5 2 0.0 500 0.005
4 2 4 0.0 10 0.0001
128 6 16 0.0 10 0.001
32 7 2 0.0 2000 0.0075
512 11 16 0.0 4000 0.0075
512 11 16 0.0 1 0.0075
32 6 4 0.0 16000 0.005
256 7 4 0.0 100 0.0001
16 11 4 0.0 500 1e-05
32 11 4 0.0 500 0.0001
2 6 8 0.0 8000 0.01
32 8 16 0.0 500 0.0075
512 11 16 0.0 100 0.001
64 2 16 0.0 750 0.0001
256 7 8 0.0 2000 0.0075
16 4 4 0.0 250 0.001
8 9 8 0.0 2500 0.001
64 9 4 0.0 100 0.0001
64 9 4 0.0 4000 0.0001
8 10 4 0.0 500 0.01
2 4 8 0.0 1500 0.01
4 8 16 0.0 4000 0.005
4 11 16 0.0 1 0.005
256 3 4 0.0 1500 0.0075
512 9 4 0.0 250 0.0001
2 2 4 0.0 100 0.005
2 8 16 0.0 2000 1e-05
512 2 16 0.0 2500 0.0075
512 7 16 0.0 750 0.001
128 6 8 0.0 1 0.005
16 11 4 0.0 100 1e-05
256 4 8 0.0 1000 0.005
16 2 4 0.0 10 0.0075
4 9 16 0.0 1500 0.005
2 4 8 0.0 1000 0.01
512 11 4 0.0 750 0.005
2 4 8 0.0 4000 0.005
2 8 4 0.0 1500 0.01
64 5 2 0.0 10 1e-05
512 3 16 0.0 4000 0.001
4 11 8 0.0 1 0.005
512 9 2 0.0 1 1e-05
256 10 2 0.0 1 0.01
128 11 16 0.0 100 0.0075
32 6 16 0.0 1500 0.005
256 9 16 0.0 100 1e-05
256 11 8 0.0 2500 0.001
128 10 4 0.0 10 0.01
2 5 16 0.0 750 0.005
32 7 8 0.0 1 0.0001
256 10 8 0.0 1500 0.0001
4 10 2 0.0 500 1e-05
8 6 8 0.0 250 0.01
16 2 4 0.0 750 0.005
16 11 2 0.0 250 1e-05
2 10 8 0.0 1 0.0075
4 3 4 0.0 2000 0.0001
32 5 16 0.0 2500 0.001
128 4 8 0.0 2000 0.0075
256 6 4 0.0 10 1e-05
4 4 16 0.0 500 0.0001
128 10 16 0.0 2500 0.0001
16 3 8 0.0 1000 0.0001
128 9 2 0.0 2500 0.0075
32 6 8 0.0 8000 0.0001
2 3 4 0.0 5 0.0075
8 6 2 0.0 500 0.001
128 7 4 0.0 16000 0.01
8 3 16 0.0 2000 0.01
2 7 16 0.0 1500 0.001
64 6 4 0.0 10 1e-05
64 7 4 0.0 5 1e-05
16 2 2 0.0 100 0.0075
512 9 16 0.0 250 0.0075
32 4 4 0.0 500 0.0075
8 11 16 0.0 2000 0.005
128 6 4 0.0 250 0.001
2 2 16 0.0 16000 0.0001
8 8 2 0.0 8000 1e-05
256 7 8 0.0 16000 0.0001
16 4 16 0.0 5 1e-05
2 11 2 0.0 16000 0.005
16 6 4 0.0 1500 0.001
2 10 8 0.0 10 0.001
256 6 2 0.0 2000 0.0001
64 8 2 0.0 100 0.0001
2 4 16 0.0 2000 0.005
32 9 16 0.0 750 0.0075
512 11 4 0.0 1000 1e-05
256 9 2 0.0 2000 0.0001
512 5 8 0.0 500 0.005
64 11 4 0.0 8000 0.0075
256 8 4 0.0 5 0.0075
4 2 8 0.0 100 0.005
16 6 16 0.0 4000 0.0075
32 3 2 0.0 2000 1e-05
256 6 4 0.0 1 0.0075
128 7 16 0.0 5 0.0075
512 10 8 0.0 2500 0.001
512 4 2 0.0 500 0.001
512 10 4 0.0 16000 1e-05
512 5 8 0.0 750 0.01
128 9 8 0.0 500 0.0001
128 4 4 0.0 750 0.005
2 3 8 0.0 1 1e-05
16 6 8 0.0 500 0.01
16 3 8 0.0 500 1e-05
16 5 8 0.0 1 0.001
32 9 2 0.0 1500 0.001
64 8 16 0.0 1000 0.005
512 4 8 0.0 4000 0.0075
4 10 2 0.0 500 0.001
2 10 4 0.0 16000 0.0075
64 8 2 0.0 4000 0.001
32 2 4 0.0 16000 0.0001
32 7 4 0.0 250 0.001
2 3 2 0.0 1 0.01
32 10 2 0.0 5 0.001
8 7 4 0.0 1500 0.005
32 6 2 0.0 1000 0.01
256 5 16 0.0 10 0.001
4 7 2 0.0 500 0.01
128 4 4 0.0 10 0.0075
16 8 8 0.0 500 0.005
512 8 8 0.0 2500 0.01
8 7 8 0.0 1 0.0001
64 8 4 0.0 500 0.005
8 4 16 0.0 2500 0.01
2 4 4 0.0 1 0.001
256 10 2 0.0 2500 0.01
8 5 4 0.0 2000 1e-05
128 9 2 0.0 2000 0.0075
128 5 2 0.0 100 0.01
256 7 8 0.0 1000 0.001
32 9 8 0.0 2500 0.0001
512 7 4 0.0 10 0.01
32 6 16 0.0 8000 0.0001
8 11 8 0.0 1 0.0001
128 3 8 0.0 5 0.0001
256 9 4 0.0 2500 0.005
4 8 2 0.0 1 0.0001
64 8 2 0.0 1 0.001
2 6 2 0.0 1 0.005
128 5 16 0.0 10 0.0001
2 5 16 0.0 100 0.0075
2 8 2 0.0 1000 0.001
8 9 2 0.0 1 0.005
512 10 2 0.0 16000 0.005
8 7 4 0.0 16000 0.01
512 7 16 0.0 16000 0.0075
4 3 4 0.0 1000 0.01
4 9 2 0.0 10 0.0075
32 5 16 0.0 500 0.01
16 11 4 0.0 250 0.001
16 7 16 0.0 2000 0.005
128 6 2 0.0 1000 0.01
8 8 2 0.0 1500 1e-05
32 4 8 0.0 8000 0.005
8 11 4 0.0 2500 0.0075
4 11 4 0.0 1500 0.001
256 3 8 0.0 8000 0.0001
2 8 8 0.0 4000 0.001
32 10 8 0.0 500 0.005
4 2 2 0.0 2000 0.01
128 10 16 0.0 1 0.005
256 8 8 0.0 8000 0.001
8 7 4 0.0 500 0.005
2 6 2 0.0 500 0.0075
16 2 16 0.0 2500 1e-05
512 11 8 0.0 500 0.0001
8 10 16 0.0 1000 0.0001
8 10 2 0.0 750 0.0001
128 10 4 0.0 250 1e-05
4 5 8 0.0 500 0.01
4 9 8 0.0 1500 0.01
4 11 8 0.0 750 0.01
128 11 4 0.0 16000 0.0001
32 4 2 0.0 1 1e-05
2 8 16 0.0 10 0.01
4 10 2 0.0 8000 0.0075
8 5 16 0.0 2500 0.01
16 10 16 0.0 4000 0.005
256 4 2 0.0 100 1e-05
8 6 4 0.0 5 0.0075
32 10 4 0.0 250 0.0075
8 5 8 0.0 1500 1e-05
256 11 2 0.0 10 0.0001
512 3 4 0.0 1500 0.005
2 5 2 0.0 1500 0.0075
512 8 16 0.0 500 0.001
8 10 16 0.0 500 0.0001
32 5 2 0.0 250 0.0075
4 11 16 0.0 1000 0.01
64 4 8 0.0 1500 0.01
256 2 4 0.0 2000 0.0001
2 11 4 0.0 1000 0.0075
64 7 2 0.0 500 0.0075
512 6 16 0.0 8000 1e-05
16 11 16 0.0 1 0.0001
16 10 16 0.0 1 0.0075
256 11 2 0.0 100 1e-05
2 6 2 0.0 500 0.005
64 7 8 0.0 2000 0.01
64 8 16 0.0 2000 0.01
512 2 4 0.0 2000 0.005
32 6 2 0.0 1 0.0001
256 5 8 0.0 10 0.001
128 6 4 0.0 10 0.0075
64 6 8 0.0 750 0.001
128 3 2 0.0 250 0.01
8 6 2 0.0 8000 1e-05
64 7 2 0.0 250 0.001
256 11 16 0.0 5 0.0001
256 6 8 0.0 4000 0.001
256 9 8 0.0 1000 0.01
8 11 16 0.0 100 0.005
256 7 4 0.0 1 0.005
64 5 8 0.0 750 0.01
512 11 4 0.0 10 1e-05
8 4 16 0.0 5 0.0075
4 3 4 0.0 8000 0.001
512 9 8 0.0 750 0.01
16 11 16 0.0 1500 0.01
128 10 2 0.0 1500 0.0001
32 9 2 0.0 750 1e-05
128 3 2 0.0 8000 0.005
32 5 16 0.0 8000 0.0001
8 5 2 0.0 5 1e-05
128 7 8 0.0 500 0.0001
256 4 8 0.0 5 0.01
128 7 16 0.0 500 0.001
4 6 16 0.0 8000 1e-05
2 11 16 0.0 1 0.0001
16 4 2 0.0 4000 0.001
2 8 4 0.0 750 0.001
4 7 8 0.0 2000 0.01
64 3 4 0.0 100 0.01
8 9 8 0.0 500 1e-05
256 7 16 0.0 2500 1e-05
128 5 2 0.0 4000 0.0075
2 4 4 0.0 4000 1e-05
2 11 2 0.0 10 1e-05
512 5 2 0.0 5 0.01
8 8 16 0.0 10 0.01
16 8 16 0.0 4000 0.001
64 5 16 0.0 10 0.005
4 7 2 0.0 500 0.0075
2 3 2 0.0 1500 0.005
256 9 8 0.0 2000 1e-05
16 11 16 0.0 100 0.005
256 6 2 0.0 250 0.01
4 8 4 0.0 100 0.0001
256 6 2 0.0 5 0.0001
512 8 8 0.0 750 0.0001
32 11 16 0.0 5 0.005
4 4 8 0.0 500 0.005
8 2 2 0.0 10 0.01
2 4 4 0.0 500 0.005
8 4 8 0.0 5 1e-05
64 2 4 0.0 1 0.0075
512 9 4 0.0 2000 0.0001
128 10 16 0.0 1 0.0001
16 3 16 0.0 16000 0.0001
512 2 2 0.0 500 0.001
2 11 8 0.0 1500 0.0001
128 4 16 0.0 8000 1e-05
16 9 16 0.0 8000 0.0075
4 9 4 0.0 1000 0.0075
2 3 2 0.0 8000 0.0001
4 6 16 0.0 100 0.0075
64 8 2 0.0 2500 0.005
16 10 8 0.0 2500 0.01
128 4 8 0.0 250 1e-05
8 11 4 0.0 500 0.01
256 3 16 0.0 2000 0.0075
4 4 2 0.0 10 0.005
64 9 8 0.0 1000 0.01
64 8 16 0.0 100 0.0075
2 3 2 0.0 5 0.01
32 4 2 0.0 5 0.005
4 5 16 0.0 250 0.005
8 7 16 0.0 500 0.005
256 9 4 0.0 100 0.001
